◇ナンバーズ3ミニ予想数字
12, 16, 17, 18, 
50, 53, 55, 57, 
62, 64, 66, 68,

◇ナンバーズ3予想数字
012, 016, 017, 018,
050, 053, 055, 057, 
062, 064, 066, 070, 
412, 416, 417, 418, 
450, 453, 455, 457, 
462, 464, 466, 468, 
712, 716, 717, 718, 
750, 753, 755, 757, 
762, 764, 766, 768, 

◇ナンバーズ4予想数字
2100, 2102, 2117, 2123, 2129, 2132, 2136, 2138, 2143, 2152, 2155, 2157, 2158, 2160, 2161, 2163, 2168, 2171, 2176, 2181, 2186, 2191, 2192, 2198, 2802, 2803, 2816, 2820, 2825, 2826, 2829, 2832, 2833, 2834, 2838, 2839, 2841, 2843, 2845, 2852, 2854, 2855, 2857, 2858, 2860, 2862, 2872, 2875, 2877, 2878, 2885, 2890, 2891, 2897, 2900, 2907, 2911, 2915, 2916, 2918, 2921, 2927, 2934, 2938, 2942, 2943, 2946, 2949, 2950, 2955, 2960, 2961, 2962, 2966, 2967, 2969, 2974, 2975, 2976, 2977, 2978, 2982, 2984, 2993, 

3100, 3101, 3112, 3115, 3116, 3117, 3118, 3123, 3125, 3128, 3134, 3135, 3136, 3138, 3139, 3143, 3145, 3152, 3154, 3156, 3158, 3162, 3163, 3165, 3166, 3169, 3174, 3179, 3183, 3184, 3188, 3190, 3196, 3800, 3802, 3803, 3808, 3809, 3812, 3814, 3815, 3817, 3820, 3821, 3822, 3828, 3830, 3831, 3832, 3836, 3841, 3842, 3843, 3849, 3852, 3855, 3856, 3858, 3859, 3863, 3866, 3867, 3869, 3871, 3873, 3875, 3881, 3885, 3889, 3890, 3894, 3896, 3897, 3900, 3901, 3903, 3907, 3909, 3916, 3917, 3923, 3926, 3928, 3931, 3934, 3936, 3945, 3946, 3947, 3951, 3955, 3956, 3958, 3961, 3962, 3963, 3965, 3968, 3969, 3972, 3975, 3978, 3982, 3984, 3985, 3988, 3992, 3994,
