◇ナンバーズ3予想数字
011, 012, 013, 014, 015, 017, 019, 023, 024, 025, 027, 033, 034, 035, 036, 037, 038, 039, 044, 045, 047, 048, 049, 057, 058, 059, 067, 069, 077, 078, 079, 089, 099, 
112, 113, 114, 115, 116, 117, 119, 122, 123, 124, 125, 126, 127, 128, 129, 133, 134, 135, 136, 137, 138, 139, 144, 145, 146, 147, 149, 155, 156, 157, 158, 159, 166, 167, 168, 169, 177, 178, 179, 188, 189, 199, 
223, 224, 225, 227, 229, 233, 234, 235, 236, 237, 238, 239, 245, 246, 248, 249, 255, 256, 257, 258, 259, 267, 269, 278, 279, 299, 
334, 335, 336, 337, 338, 339, 344, 345, 346, 347, 348, 349, 355, 356, 357, 358, 359, 367, 368, 377, 378, 388, 389, 399, 
445, 447, 448, 455, 456, 457, 458, 459, 467, 469, 477, 478, 479, 488, 489, 499, 
556, 557, 558, 559, 566, 567, 568, 569, 577, 578, 579, 588, 589, 599, 
667, 669, 677, 678, 679, 689, 
778, 779, 788, 789, 
899

◇ナンバーズ4予想数字
0112, 0113, 0114, 0115, 0119, 0122, 0123, 0124, 0125, 0126, 0127, 0128, 0129, 0133, 0135, 0136, 0137, 0138, 0139, 0144, 0145, 0146, 0147, 0148, 0149, 0155, 0156, 0157, 0158, 0159, 0166, 0168, 0169, 0179, 0189, 0199, 0223, 0225, 0226, 0227, 0228, 0229, 0233, 0234, 0235, 0237, 0238, 0239, 0244, 0245, 0246, 0247, 0249, 0255, 0256, 0257, 0258, 0259, 0266, 0267, 0268, 0269, 0277, 0278, 0279, 0288, 0289, 0299, 0334, 0335, 0336, 0337, 0338, 0339, 0344, 0345, 0346, 0347, 0349, 0355, 0356, 0357, 0358, 0359, 0367, 0368, 0369, 0377, 0378, 0379, 0388, 0389, 0399, 0445, 0446, 0447, 0448, 0449, 0455, 0456, 0458, 0459, 0466, 0467, 0469, 0477, 0478, 0479, 0488, 0489, 0499, 0556, 0557, 0558, 0559, 0566, 0567, 0568, 0569, 0577, 0578, 0579, 0588, 0589, 0599, 0667, 0668, 0669, 0677, 0678, 0679, 0688, 0689, 0699, 0779, 0789, 0799, 0889, 0899, 
1123, 1124, 1125, 1126, 1127, 1128, 1129, 1134, 1135, 1136, 1137, 1138, 1139, 1145, 1146, 1147, 1148, 1149, 1156, 1157, 1158, 1159, 1167, 1168, 1169, 1179, 1189, 1223, 1224, 1225, 1226, 1227, 1229, 1233, 1234, 1235, 1236, 1237, 1238, 1239, 1244, 1246, 1247, 1249, 1255, 1256, 1257, 1258, 1259, 1266, 1267, 1268, 1269, 1277, 1278, 1279, 1289, 1299, 1334, 1335, 1336, 1337, 1338, 1339, 1344, 1345, 1346, 1347, 1348, 1349, 1355, 1356, 1357, 1358, 1359, 1366, 1367, 1368, 1369, 1377, 1378, 1379, 1388, 1389, 1399, 1445, 1446, 1447, 1448, 1449, 1455, 1456, 1457, 1458, 1459, 1466, 1467, 1468, 1469, 1477, 1478, 1479, 1488, 1489, 1499, 1556, 1557, 1558, 1559, 1566, 1567, 1569, 1577, 1578, 1579, 1589, 1667, 1668, 1669, 1677, 1678, 1679, 1688, 1689, 1699, 1779, 1789, 1799, 1899, 
2234, 2235, 2236, 2237, 2238, 2239, 2245, 2246, 2247, 2249, 2256, 2257, 2258, 2259, 2267, 2268, 2269, 2289, 2334, 2335, 2336, 2337, 2338, 2344, 2346, 2347, 2348, 2349, 2355, 2356, 2357, 2358, 2359, 2366, 2367, 2368, 2369, 2377, 2378, 2379, 2388, 2389, 2399, 2445, 2446, 2447, 2448, 2449, 2455, 2456, 2457, 2458, 2459, 2466, 2467, 2468, 2469, 2477, 2479, 2488, 2489, 2499, 2556, 2557, 2558, 2559, 2566, 2567, 2568, 2569, 2577, 2578, 2579, 2588, 2589, 2599, 2667, 2668, 2669, 2677, 2679, 2688, 2689, 2699, 2778, 2779, 2788, 2789, 2799, 2889, 2899, 
3345, 3346, 3347, 3348, 3349, 3356, 3357, 3358, 3359, 3367, 3368, 3369, 3378, 3379, 3389, 3445, 3446, 3447, 3448, 3449, 3455, 3456, 3457, 3458, 3459, 3466, 3467, 3468, 3469, 3477, 3478, 3479, 3488, 3489, 3499, 3556, 3557, 3558, 3559, 3566, 3567, 3568, 3569, 3577, 3578, 3579, 3588, 3589, 3599, 3667, 3668, 3677, 3678, 3679, 3688, 3689, 3699, 3778, 3779, 3788, 3789, 3799, 3889, 3899, 
4456, 4457, 4458, 4459, 4467, 4468, 4469, 4478, 4479, 4489, 4556, 4557, 4558, 4559, 4566, 4567, 4568, 4569, 4577, 4578, 4579, 4588, 4589, 4599, 4668, 4669, 4677, 4678, 4679, 4688, 4699, 4778, 4779, 4788, 4789, 4799, 4889, 4899, 
5567, 5568, 5569, 5578, 5579, 5589, 5667, 5668, 5677, 5678, 5679, 5688, 5689, 5699, 5778, 5779, 5788, 5789, 5799, 5889, 5899, 
6678, 6679, 6689, 6778, 6779, 6788, 6789, 6799, 6889, 6899, 
7789, 7889, 7899
