# GIMP colorrc
# 
# This file holds a list of recently used colors.

(color-history
    (color-rgba 0 0.59607845544815063 1 1)
    (color-rgba 1 1 1 1)
    (color-rgba 0 0 0 1)
    (color-rgba 1 0.49803921580314636 0.17647059261798859 1)
    (color-rgba 0.38431373238563538 0.38431373238563538 0.38431373238563538 1)
    (color-rgba 0.99607843160629272 0.050980392843484879 0.29803922772407532 1)
    (color-rgba 0.43093922651933703 0.74133601205424426 1 1)
    (color-rgba 0.61960786581039429 0.36862745881080627 0 1)
    (color-rgba 0.42359448687926832 0.73593073593073588 0.048790988017507392 1)
    (color-rgba 1 0 0 1)
    (color-rgba 0.30196079611778259 0.30196079611778259 0.30196079611778259 1)
    (color-rgba 0.61904761904761907 0.36982065553494109 0 1)
    (color-rgba 0.17647059261798859 0.17647059261798859 0.16862745583057404 1)
    (color-rgba 0.22099447513812154 0.64590657960823739 1 1)
    (color-rgba 0.55294120311737061 0.55294120311737061 0.55294120311737061 1)
    (color-rgba 0.55411255411255411 0.55411255411255411 0.55411255411255411 1)
    (color-rgba 0.62745100259780884 0.62745100259780884 0.62745100259780884 1)
    (color-rgba 0.49411764740943909 0.49411764740943909 0.49411764740943909 1)
    (color-rgba 0.38528138528138534 0.38528138528138534 0.38528138528138534 1)
    (color-rgba 0 0.30123123629617132 0.61038961038961037 1)
    (color-rgba 0.85490196943283081 0.0039215683937072754 0.64705884456634521 1)
    (color-rgba 0.51515151515151514 0.31137521443900135 0.091076510966013727 1)
    (color-rgba 0.47843137383460999 0.66666668653488159 0.21568627655506134 1)
    (color-rgba 0 0.54545454545454586 1 1)
    (color-rgba 0.30735930735930739 0.30735930735930739 0.30735930735930739 1)
    (color-rgba 0.18431372940540314 0.18431372940540314 0.18431372940540314 1)
    (color-rgba 0.28176795580110492 0.52428786682930351 1 1)
    (color-rgba 0.35638946688670381 0.28176795580110492 1 1)
    (color-rgba 0.98039215803146362 0 0.66274511814117432 1)
    (color-rgba 0.26666668057441711 0.21176470816135406 0.20784313976764679 1)
    (color-rgba 0.97254902124404907 0 0.65490198135375977 1)
    (color-rgba 0.95027624309392222 0.45303867403314912 1 1)
    (color-rgba 0.29870129870129869 0.12745760374374857 0.018153117600631399 1)
    (color-rgba 1 0.15422885351117033 0 1)
    (color-rgba 0.78431373834609985 0.78431373834609985 0.80392158031463623 1)
    (color-rgba 0.97254902124404907 0.97647058963775635 0.98039215803146362 1)
    (color-rgba 0.18039216101169586 0.18039216101169586 0.18431372940540314 1)
    (color-rgba 0.55294120311737061 0.60392159223556519 0.7607843279838562 1)
    (color-rgba 0.73333334922790527 0.73333334922790527 0.73333334922790527 1)
    (color-rgba 0.73160173160173159 0.73160173160173159 0.73160173160173159 1)
    (color-rgba 0.26406926406926412 0.10288412885815489 0 1)
    (color-rgba 0.16017316017316019 0.062405127340192303 0 1)
    (color-rgba 0.29004329004328999 0.11300387923764549 0 1)
    (color-rgba 0.45021645021645018 0.17540900657783778 0 1)
    (color-rgba 0.7137255072593689 0.11372549086809158 0 1)
    (color-rgba 0.78823530673980713 0.12156862765550613 0 1)
    (color-rgba 0.71764707565307617 0.11372549086809158 0 1)
    (color-rgba 1 0.10497237569060769 0.10497237569060769 1)
    (color-rgba 0.61471861471861478 0.09741442357444112 0 1)
    (color-rgba 0.61471861471861478 0.11100728932003889 0.016981177202171703 1)
    (color-rgba 0.69803923368453979 0.10980392247438431 0 1)
    (color-rgba 0.69696969696969702 0.45017731306028652 0.29265025950108825 1)
    (color-rgba 0.89177489177489178 0.68273215865954617 0.29561598622372109 1)
    (color-rgba 0.027450980618596077 0.027450980618596077 0.027450980618596077 1)
    (color-rgba 0.30196079611778259 0.72549021244049072 0.92549020051956177 1)
    (color-rgba 0.043137256056070328 0.050980392843484879 0.070588238537311554 1)
    (color-rgba 0.098039217293262482 0.090196080505847931 0.090196080505847931 1)
    (color-rgba 0.48051948051948057 0 0 1)
    (color-rgba 0.12987012987012991 0.12987012987012991 0.12987012987012991 1)
    (color-rgba 0.24675324675324672 0.24675324675324672 0.24675324675324672 1)
    (color-rgba 0.26839826839826841 0.26839826839826841 0.26839826839826841 1)
    (color-rgba 0.62967335694608362 0 0.86580086580086579 1)
    (color-rgba 0.57254904508590698 0.47450980544090271 0.32156863808631897 1)
    (color-rgba 0.79653679653679654 0.79653679653679654 0.79653679653679654 1)
    (color-rgba 0.60000002384185791 0.49019607901573181 0.36862745881080627 1)
    (color-rgba 0.50196075439453125 0.24705882370471954 0 1)
    (color-rgba 0.7607843279838562 0.76470589637756348 0.7607843279838562 1)
    (color-rgba 0.75294119119644165 0.75294119119644165 0.75294119119644165 1)
    (color-rgba 0.90196079015731812 0.83529412746429443 0.38431373238563538 1)
    (color-rgba 0.97835497835497831 0 0.076235452858829281 1)
    (color-rgba 0.090196080505847931 0.090196080505847931 0.090196080505847931 1)
    (color-rgba 0.54545454545454541 0.44248268287821885 0.32847815168257155 1)
    (color-rgba 0.50216450216450215 0.24782144262663738 0 1)
    (color-rgba 1 0.98823529481887817 0.81960785388946533 1)
    (color-rgba 0.090909090909090939 0.090909090909090939 0.090909090909090939 1)
    (color-rgba 0.729411780834198 0.729411780834198 0.729411780834198 1)
    (color-rgba 0.36796536796536794 0.18159329847641534 0 1)
    (color-rgba 0.64313727617263794 0 0 1)
    (color-rgba 0.30303030303030298 0 0 1)
    (color-rgba 0.54545454545454541 0.54545454545454541 0.54545454545454541 1)
    (color-rgba 0.13333334028720856 0.13333334028720856 0.13333334028720856 1)
    (color-rgba 0.64502164502164505 0 0 1)
    (color-rgba 0.095800303592511293 0.61471861471861478 0 1)
    (color-rgba 0.93725490570068359 0.94117647409439087 0.96470588445663452 1)
    (color-rgba 0.11372549086809158 0.11372549086809158 0.11372549086809158 1)
    (color-rgba 0.80086580086580084 0.80086580086580084 0.80086580086580084 1)
    (color-rgba 0.96470588445663452 0.86274510622024536 0.80000001192092896 1)
    (color-rgba 0.90980392694473267 0.63921570777893066 0.54901963472366333 1)
    (color-rgba 0.96470588445663452 0.87058824300765991 0.80784314870834351 1)
    (color-rgba 0.94901961088180542 0.81176471710205078 0.74901962280273438 1)
    (color-rgba 1 0.21568627655506134 0.43921568989753723 1)
    (color-rgba 0.67843139171600342 0.3960784375667572 0.29019609093666077 1)
    (color-rgba 0 0.75324675324675328 0.097824253668409383 1)
    (color-rgba 1 0.43560307096218687 0.23756906077348061 1)
    (color-rgba 1 0.4950132740187988 0.23756906077348061 1)
    (color-rgba 0.23756906077348061 0.69304728420750517 1 1)
    (color-rgba 0.80784314870834351 0.50980395078659058 0.41960784792900085 1)
    (color-rgba 0.9686274528503418 0.89019608497619629 0.83137255907058716 1)
    (color-rgba 0.96470588445663452 0.85490196943283081 0.78431373834609985 1)
    (color-rgba 0.9529411792755127 0.80392158031463623 0.71764707565307617 1)
    (color-rgba 0.51764705882352946 0.51764705882352946 0.51764705882352946 1)
    (color-rgba 0.96470588445663452 0.86666667461395264 0.81176471710205078 1)
    (color-rgba 0.93333333730697632 0.76470589637756348 0.70196080207824707 1)
    (color-rgba 0.95686274766921997 0.80784314870834351 0.72156864404678345 1)
    (color-rgba 0.92207792207792205 0 0.50295159386068511 1)
    (color-rgba 0.87450981140136719 0.56078433990478516 0.46666666865348816 1)
    (color-rgba 0.76596873395298037 0.88311688311688308 0 1)
    (color-rgba 0.92524524183187429 1 0.43646408839779005 1)
    (color-rgba 0.48484848484848486 0.48484848484848486 0.48484848484848486 1)
    (color-rgba 0.97647058963775635 0.97647058963775635 0.9843137264251709 1)
    (color-rgba 0.34509804844856262 0.3960784375667572 0.011764706112444401 1)
    (color-rgba 0.97254902124404907 0.97254902124404907 0.97647058963775635 1)
    (color-rgba 0.098039217293262482 0.098039217293262482 0.10196078568696976 1)
    (color-rgba 0.12554112554112551 0.068476977567886663 0 1)
    (color-rgba 0.26406926406926412 0.14403778040141685 0 1)
    (color-rgba 0 0.57142857142857162 1 1)
    (color-rgba 0.050373868555686867 0.48484848484848486 0 1)
    (color-rgba 0.84848484848484851 0 0 1)
    (color-rgba 0.19215686619281769 0.18823529779911041 0.18823529779911041 1)
    (color-rgba 0.72156864404678345 0.72156864404678345 0.72156864404678345 1)
    (color-rgba 0.84848484848484851 0 0.81542699724517875 1)
    (color-rgba 0.97254902124404907 0.9686274528503418 0.96470588445663452 1)
    (color-rgba 0.84313726425170898 0.83529412746429443 0.87058824300765991 1)
    (color-rgba 0.9843137264251709 0.9843137264251709 0.9843137264251709 1)
    (color-rgba 0.16078431904315948 0.15686275064945221 0.16470588743686676 1)
    (color-rgba 0.89610389610389607 0.44557652292458916 0.87855088156444239 1)
    (color-rgba 0.90980392694473267 0.89411765336990356 0.89411765336990356 1)
    (color-rgba 0.76862746477127075 0.76862746477127075 0.81960785388946533 1)
    (color-rgba 0.87843137979507446 0.87058824300765991 0.89411765336990356 1)
    (color-rgba 0.89019608497619629 0.88235294818878174 0.89411765336990356 1)
    (color-rgba 0.722943722943723 0.722943722943723 0.722943722943723 1)
    (color-rgba 0.68831168831168832 0.064648059123197238 0.064648059123197238 1)
    (color-rgba 0.26406926406926412 0.16571355266913859 0.0029178924206548448 1)
    (color-rgba 0.88744588744588748 0.14218746262945162 0.66483622808513398 1)
    (color-rgba 0.78098039818639697 0.14218746262945162 0.88744588744588748 1)
    (color-rgba 0.45887445887445888 0.45887445887445888 0.45887445887445888 1)
    (color-rgba 1 0.88311688311688319 0 1)
    (color-rgba 0.29803922772407532 0.29803922772407532 0.29803922772407532 1)
    (color-rgba 0.32034632034632038 0.19969640748861536 0 1)
    (color-rgba 0.80519480519480524 0.62742452352841993 0 1)
    (color-rgba 0 0.39467026480013467 0.8441558441558441 1)
    (color-rgba 1 0.28571428571428603 0 1)
    (color-rgba 0.14117647707462311 0.14117647707462311 0.14117647707462311 1)
    (color-rgba 0.13725490868091583 0.13725490868091583 0.13725490868091583 1)
    (color-rgba 0.21960784494876862 0.21960784494876862 0.21960784494876862 1)
    (color-rgba 0.28235295414924622 0.28235295414924622 0.28235295414924622 1)
    (color-rgba 0.21568627655506134 0.21568627655506134 0.21568627655506134 1)
    (color-rgba 0.57270798370030629 0.36227308602999214 0.66233766233766234 1)
    (color-rgba 0.21645021645021645 0.21645021645021645 0.21645021645021645 1)
    (color-rgba 0.91341991341991347 0.59312981390903474 0 1)
    (color-rgba 1 0.44155844155844126 0 1)
    (color-rgba 0.070588238537311554 0.070588238537311554 0.074509806931018829 1)
    (color-rgba 0.098039217293262482 0.098039217293262482 0.098039217293262482 1)
    (color-rgba 0.53246753246753253 0.53246753246753253 0.53246753246753253 1)
    (color-rgba 0.72727272727272663 0 1 1)
    (color-rgba 0.18784530386740328 0.37769964841788073 1 1)
    (color-rgba 0.61176472902297974 0 0 1)
    (color-rgba 0.84705883264541626 0.84705883264541626 0.84705883264541626 1)
    (color-rgba 0.95238095238095233 0.92114978231534994 0.71033938437253352 1)
    (color-rgba 0.88744588744588748 0.86150735143784518 0.68642223338355945 1)
    (color-rgba 1 0.9843137264251709 0.87843137979507446 1)
    (color-rgba 0.91372549533843994 0.91372549533843994 0.91372549533843994 1)
    (color-rgba 0.45490196347236633 0.45490196347236633 0.45490196347236633 1)
    (color-rgba 1 0.98263614838200475 0.87845303867403313 1)
    (color-rgba 0.84848484848484851 0.84848484848484851 0.84848484848484851 1)
    (color-rgba 0.91341991341991347 0.91341991341991347 0.91341991341991347 1)
    (color-rgba 0.61568629741668701 0 0 1)
    (color-rgba 0.7921568751335144 0 0 1)
    (color-rgba 0.52380952380952384 0 0 1)
    (color-rgba 0.16078431904315948 0.11372549086809158 0.086274512112140656 1)
    (color-rgba 0.18823529779911041 0.12941177189350128 0.098039217293262482 1)
    (color-rgba 0.12941177189350128 0.062745094299316406 0.027450980618596077 1)
    (color-rgba 0.12962962962962965 0.063312993029504355 0.027944111776447116 1)
    (color-rgba 0.15740740740740744 0.087944888918399411 0.050898203592814384 1)
    (color-rgba 0.054901961237192154 0.058823529630899429 0.16078431904315948 1)
    (color-rgba 0.20392157137393951 0.20784313976764679 0.29019609093666077 1)
    (color-rgba 0.047058824449777603 0.050980392843484879 0.15294118225574493 1)
    (color-rgba 0.17254902422428131 0.22352941334247589 0.39215686917304993 1)
    (color-rgba 0.94901961088180542 0.94901961088180542 0.9686274528503418 1)
    (color-rgba 0.97254902124404907 0.97647058963775635 0.9843137264251709 1)
    (color-rgba 0.92156863212585449 0.92549020051956177 0.9529411792755127 1)
    (color-rgba 0.18431372940540314 0.3333333432674408 0.67058825492858887 1)
    (color-rgba 0.20784313976764679 0.3803921639919281 0.77254903316497803 1)
    (color-rgba 0.19607843458652496 0.35686275362968445 0.71764707565307617 1)
    (color-rgba 0 0.155651330798869 0.69444444444444442 1)
    (color-rgba 0.69444444444444442 0.69444444444444442 0.69444444444444442 1)
    (color-rgba 0.32407407407407407 0.32407407407407407 0.32407407407407407 1)
    (color-rgba 0.95686274766921997 0.96470588445663452 0.97647058963775635 1)
    (color-rgba 0.20000000298023224 0.25490197539329529 0.42745098471641541 1)
    (color-rgba 0 0.043137256056070328 0.21568627655506134 1)
    (color-rgba 0.0039215683937072754 0.062745094299316406 0.23529411852359772 1)
    (color-rgba 0.16078431904315948 0.21176470816135406 0.38823530077934265 1)
    (color-rgba 0.87058824300765991 0.87058824300765991 0.87058824300765991 1)
    (color-rgba 0.55622089155023291 0.57817697937458423 0.61111111111111116 1)
    (color-rgba 0.76470589637756348 0.77254903316497803 0.78431373834609985 1)
    (color-rgba 0.16067864271457086 0.21272660533995563 0.38888888888888884 1)
    (color-rgba 0.18431372940540314 0.23921568691730499 0.40784314274787903 1)
    (color-rgba 0.96470588445663452 0.9686274528503418 0.97647058963775635 1)
    (color-rgba 0.12549018859863281 0.16078431904315948 0.28627452254295349 1)
    (color-rgba 0.21568627655506134 0.26666668057441711 0.43921568989753723 1)
    (color-rgba 0 0 0.10196078568696976 1)
    (color-rgba 0.87037037037037035 0.87037037037037035 0.87037037037037035 1)
    (color-rgba 0.95833333333333337 0.95833333333333337 0.95833333333333337 1)
    (color-rgba 0.84259259259259256 0.84259259259259256 0.84259259259259256 1)
    (color-rgba 0.1849079618540696 0.33352661960030566 0.67129629629629628 1)
    (color-rgba 0.23364382346418272 0.40556541238510641 0.79629629629629628 1)
    (color-rgba 0.20833333333333334 0.38091563786008242 0.77314814814814814 1)
    (color-rgba 0.29491017964071853 0.48347671940070491 0.91203703703703698 1)
    (color-rgba 0.73333334922790527 0.54117649793624878 0.27450981736183167 1)
    (color-rgba 0.95370370370370372 0 0.72139123923229242 1)
    (color-rgba 0.91203703703703698 0.91203703703703698 0.91203703703703698 1)
    (color-rgba 0 0.3055555555555558 1 1)
    (color-rgba 0.58950617283950646 0 0.8842592592592593 1)
    (color-rgba 0.61176472902297974 0 0.46274510025978088 1)
    (color-rgba 0.58823531866073608 0.58039218187332153 0.58431375026702881 1)
    (color-rgba 0.5372549295425415 0.5372549295425415 0.5372549295425415 1)
    (color-rgba 0.84259259259259256 0 0.28086419753086467 1)
    (color-rgba 0.071412730095364821 0.071412730095364821 0.85185185185185186 1)
    (color-rgba 0.82870370370370372 0 0.62152777777777779 1)
    (color-rgba 0.80392158031463623 0.80392158031463623 0.80392158031463623 1)
    (color-rgba 0.73652694610778435 0.88290086493679298 1 1)
    (color-rgba 0.49700598802395213 0.77644710578842302 1 1)
    (color-rgba 0.52314814814814814 0 0.3923611111111111 1)
    (color-rgba 1 0.61111111111111116 0 1)
    (color-rgba 0.68055555555555558 0 0.51041666666666674 1)
    (color-rgba 0 0.55555555555555536 1 1)
    (color-rgba 0.6157407407407407 0.25655864197530853 0 1)
    (color-rgba 0.66203703703703698 0.66203703703703698 0.66203703703703698 1)
    (color-rgba 0.47870924817032595 0.66666666666666674 0.21556886227544914 1)
    (color-rgba 0.38323353293413176 0.52556425610317836 1 1)
    (color-rgba 0.94117647409439087 0.93725490570068359 0.91764706373214722 1)
    (color-rgba 0.95370370370370372 0.5996340652029275 0.92861215602007041 1)
    (color-rgba 0.99607843160629272 0 0.92549020051956177 1)
    (color-rgba 0.93333333730697632 0.93725490570068359 0.95686274766921997 1)
    (color-rgba 0.87058824300765991 0.88235294818878174 0.92549020051956177 1)
    (color-rgba 0.91764706373214722 0.90980392694473267 0.90196079015731812 1)
    (color-rgba 0.93333333730697632 0.92941176891326904 0.91372549533843994 1)
    (color-rgba 0 0.80555555555555536 1 1)
    (color-rgba 0.5 0.5 0.5 1)
    (color-rgba 1 0.041916167664670656 1 1)
    (color-rgba 1 0 1 1)
    (color-rgba 1 0.50000000000000022 0 1)
    (color-rgba 0.71707818930041156 0.7592592592592593 0 1)
    (color-rgba 0.56944444444444442 0 0 1)
    (color-rgba 0 0.13461538461538464 0.58333333333333326 1)
    (color-rgba 0.87037037037037035 0.84619341563786032 0 1)
    (color-rgba 0.42129629629629628 0.22235082304526735 0 1)
    (color-rgba 0.41666666666666663 0.092315369261477029 0.092315369261477029 1)
    (color-rgba 0.5 0 0 1)
    (color-rgba 0.85029940119760528 0.25149700598802394 1 1)
    (color-rgba 0.86706586826347354 0.33532934131736525 1 1)
    (color-rgba 0.55555555555555558 0.34033784283285268 0.099800399201596793 1)
    (color-rgba 0.85490196943283081 0.86666667461395264 0.90588235855102539 1)
    (color-rgba 0.9529411792755127 0.95686274766921997 0.9686274528503418 1)
    (color-rgba 1 0.40718562874251496 0.90119760479041899 1)
    (color-rgba 0.35185185185185186 0.21057268179689992 0.052672432911953858 1))

# end of colorrc
